local a=game:GetService('ScriptContext')for b,c in pairs(getconnections(a.Error))do c:Disable()end;local d=game:GetService("Lighting")local e=game:GetService('ReplicatedStorage')local f=game:GetService('UserInputService')local g=game:GetService('Players')local h=g.LocalPlayer;local i=game:GetService('CoreGui')local j=game:GetService('StarterGui')local k=game:GetService('HttpService')local l={gui=Instance.new('ScreenGui'),frame=Instance.new('Frame'),corner=Instance.new('UICorner'),padding=Instance.new('UIPadding'),command=Instance.new('TextBox'),placeholder=Instance.new('TextLabel')}local m={}if XAdminVariables and XAdminVariables.UserInputServiceConnection then XAdminVariables.UserInputServiceConnection:Disconnect()XAdminVariables.UserInputServiceConnection=nil elseif XAdminVariables and XAdminVariables.SetTimeConnection then XAdminVariables.SetTimeConnection:Disconnect()XAdminVariables.SetTimeConnection=nil end;getgenv().XAdminVariables={UserInputServiceConnection,SetTimeConnection,InfiniteStamina=false,HideGui=false,gameVehicleLocations={["Spawn"]=CFrame.new(-660.496094,21.2888031,695.94104,-0.000742157688,-0.00124491379,-0.999998927,0.000112433903,0.999999166,-0.00124499749,0.999999762,-0.000113357768,-0.000742017524),["Car Dealership"]=CFrame.new(-254.004166,21.2840347,707.668335,-0.999786735,0.000184998149,-0.0206509624,0.000181568175,0.99999994,0.000167967548,0.0206509922,0.000164182216,-0.999786735),["Gas 1"]=CFrame.new(-1014.9472,21.3142319,718.560242,-0.0163053628,-0.00175262638,0.999865472,0.000951419934,0.999997973,0.00176837388,-0.999866664,0.000980125857,-0.0163036641),["Gas 2"]=CFrame.new(659.231873,1.23220754,-1531.31201,0.00420830585,-0.000864621077,-0.999990702,-0.00604350539,0.999981344,-0.000890046125,0.999972939,0.00604719529,0.00420300197),["Gas 3"]=CFrame.new(2542.6521,-14.3525734,-1666.80383,-0.999272883,0.00252031698,0.0380448513,0.00257649296,0.999995649,0.00142760458,-0.0380410887,0.00152458891,-0.999274969),["Bank Front"]=CFrame.new(-984.717712,21.2976036,427.844971,0.0050281221,-0.00235731131,-0.999984562,-0.00031883386,0.999997139,-0.00235894369,0.999987304,0.000330689974,0.00502735609),["Bank Back"]=CFrame.new(-1135.25122,21.3145561,453.697021,0.000711614499,0.00467939116,0.999988794,-0.000148768973,0.999989033,-0.00467928639,-0.999999762,-0.000145437443,0.000712302979),["Jewelery Store"]=CFrame.new(-469.826141,21.2988796,-394.306091,-0.999896646,0.000564135727,-0.0143686254,0.000578419305,0.999999344,-0.000989944674,0.0143680563,-0.000998153468,-0.999896228),["Gun Shop"]=CFrame.new(-1231.58105,21.2705574,-164.829575,0.00161834771,0.000476883637,0.999998569,1.6542037e-05,0.999999881,-0.000476910966,-0.999998689,1.73138233e-05,0.00161833968),["Tool Store"]=CFrame.new(-451.814819,22.0871143,-739.262207,0.864644647,-0.000425182923,0.502383947,-0.000211473875,0.999999225,0.0012102942,-0.502384067,-0.00115271541,0.864643812),["Mod Shop"]=CFrame.new(-717.706238,21.316576,244.853256,0.99998492,-0.00149389845,-0.00529396441,0.0014609826,0.999979556,-0.00621603476,0.00530314259,0.00620820653,0.999966621),["Fire Department"]=CFrame.new(-1023.11389,21.2617531,-25.9017143,0.999812186,0.000942081504,-0.0193571746,-0.000955808151,0.999999285,-0.000699885655,0.0193565041,0.000718255935,0.999812365),["Hospital Front"]=CFrame.new(-136.292419,21.3009529,-396.1362,-0.999957025,-0.000657766766,-0.00924987905,-0.000668697583,0.999999046,0.00117867487,0.00924909487,0.00118480949,-0.999956489),["Hospital Back"]=CFrame.new(-138.652451,21.2729607,-623.389893,-0.999992967,-0.000426717626,-0.00373576954,-0.000423606776,0.999999583,-0.000833463506,0.00373612368,-0.000831875193,-0.999992609),["Three Guys"]=CFrame.new(-309.484955,21.2919235,-122.801956,0.999653816,-0.00263218,0.0261794813,0.00260038394,0.999995828,0.00124850357,-0.0261826608,-0.00117999467,0.999656439),["Liberty Cafe"]=CFrame.new(-743.271545,21.2917042,438.475189,0.00907906797,0.000992693938,-0.999958277,-0.00138902757,0.999998569,0.000980122248,0.99995786,0.00138007104,0.00908043422),["Parking 1"]=CFrame.new(-278.891296,49.6036568,186.063858,-1.91424042e-05,-1.904284e-05,1,-0.000607837108,0.999999762,1.90311985e-05,-0.999999821,-0.000607836642,-1.91540457e-05),["Parking 2"]=CFrame.new(2795.78149,13.9860849,-2200.94922,0.999996722,0.00214746757,-0.00140081288,-0.00214619306,0.999997318,0.000910808449,0.00140276516,-0.000907799054,0.999998629),["News"]=CFrame.new(-374.837463,21.7864113,382.142273,0.99999404,0.000227912562,-0.00344756362,-0.000224797288,0.999999583,0.000903991575,0.00344776828,-0.000903211185,0.999993622),["Police Back"]=CFrame.new(654.411011,1.25022113,-160.634979,0.999950528,-0.000209449878,0.00994651206,0.000197760601,0.999999285,0.00117618288,-0.00994675234,-0.00117415749,0.999949813),["Police Front"]=CFrame.new(803.462585,1.22903585,-98.1929779,-0.022017397,-0.000245205447,-0.999757588,0.00030472345,0.99999994,-0.000251975784,0.999757588,-0.000310197443,-0.0220173188),["Sheriff 1"]=CFrame.new(1447.71729,-14.3413601,-1979.39124,0.99999845,-0.0014374376,-0.00101576129,0.0014379666,0.999998808,0.000520260655,0.00101501239,-0.000521720503,0.999999285),["Sheriff 2"]=CFrame.new(1548.11438,-14.3229818,-1935.23523,0.0146307619,-0.00285547855,-0.999888897,-0.00287061674,0.999991655,-0.0028977762,0.999888897,0.00291269436,0.0146224415),["DOT"]=CFrame.new(1263.21753,1.22469473,162.921844,0.00101895933,-0.000855403603,0.999999106,-8.94143159e-05,0.999999642,0.000855495164,-0.999999523,-9.02859611e-05,0.00101888273),["County Jail"]=CFrame.new(1341.37952,1.26267409,-313.270844,-0.999726534,0.000392729766,-0.0233801324,0.000409685017,0.999999583,-0.000720412412,0.02337984,-0.000729793974,-0.999726355),["Trailer Park"]=CFrame.new(1072.30005,1.26186585,-1069.80298,-0.642365158,-0.00202794792,-0.766395986,-0.00173127069,0.999997735,-0.00119498977,0.766396761,0.000559219043,-0.642367244),["Farms"]=CFrame.new(852.863037,1.21648562,-1089.77527,0.360349149,-0.000396295742,0.9328174,0.000509685895,0.999999821,0.000227944751,-0.9328174,0.000393304188,0.360349298),["Housing Suburbs"]=CFrame.new(-492.27179,-11.0078173,-1491.80249,-0.999574482,-0.000699090597,0.0291616973,-0.000740636431,0.999998689,-0.00141389354,-0.0291606728,-0.00143489009,-0.999573648),["ATM 1"]=CFrame.new(-977.508362,21.3083229,814.437988,-0.999969304,0.000172153668,0.00783927366,0.000145120721,0.99999404,-0.00344883837,-0.00783982128,-0.00344759482,-0.999963284),["ATM 2"]=CFrame.new(-985.002197,21.2590904,426.948029,-0.00758270593,-0.000136042217,0.999971271,-0.000226288874,0.99999994,0.000134330185,-0.999971211,-0.000225263764,-0.0075827362),["ATM 3"]=CFrame.new(-480.56955,21.2971478,436.149414,0.0165993664,-0.000518028392,0.999862075,-0.00274645607,0.999996006,0.000563693466,-0.999858439,-0.00275543425,0.0165978782),["ATM 4"]=CFrame.new(-374.424408,21.8193588,134.842484,-0.99999845,0.0015475523,-0.000896934653,0.00154977001,0.999995708,-0.00247718999,0.000893097371,-0.0024785758,-0.999996483),["ATM 5"]=CFrame.new(-580.606567,21.2932034,-395.109894,0.999970198,0.000125130508,-0.0077251168,-0.000125926454,1,-0.000102547318,0.00772510376,0.000103517086,0.999970138),["ATM 6"]=CFrame.new(994.363708,1.2524941,-38.8390617,-0.999967456,0.00144568097,0.0079330001,0.00144665688,0.999998927,0.00011729775,-0.00793282315,0.000128770247,-0.999968529),["ATM 7"]=CFrame.new(1100.90833,1.24451041,346.419434,-0.999848068,-0.000429468346,0.0174241811,-0.000497237663,0.999992311,-0.00388523727,-0.0174223799,-0.0038933109,-0.999840617),["ATM 8"]=CFrame.new(709.458801,1.24830842,-1566.90051,0.0183345526,0.000199599308,-0.999831855,-0.00365229091,0.999993265,0.000132657122,0.999825239,0.00364924478,0.0183351561),["ATM 9"]=CFrame.new(2482.7085,-14.330925,-1721.59241,0.99999851,0.000395435374,-0.00171522365,-0.000398384553,0.99999845,-0.00171938294,0.00171454088,0.0017200635,0.99999702),["ATM 10"]=CFrame.new(2604.9165,-14.3429594,-2079.34961,0.0219712537,0.000268614269,-0.999758542,-0.000216535715,0.999999881,0.000263920403,0.999758601,0.000210684739,0.0219713114),["ATM 11"]=CFrame.new(2559.35693,-13.830574,-2238.04492,-0.999979377,-0.0014662703,0.00625070836,-0.00145885185,0.999998271,0.00119121955,-0.00625244388,0.00118207606,-0.999979734)},gameLocations={["Spawn"]=CFrame.new(-678.4291381835938,23.974824905395508,762.0128173828125),["Car Dealership"]=CFrame.new(-321.2814025878906,23.974830627441406,704.4762573242188),["Gas 1"]=CFrame.new(-1016.4197998046875,23.474876403808594,770.4301147460938),["Gas 2"]=CFrame.new(660.5532836914062,3.4248907566070557,-1502.9072265625),["Gas 3"]=CFrame.new(2545.51123046875,-12.1521577835083,-1667.8369140625),["Bank Front"]=CFrame.new(-1001.3585815429688,23.974824905395508,430.1639099121094),["Bank Back"]=CFrame.new(-1122.354248046875,23.674623489379883,447.4416198730469),["Jewelery Store"]=CFrame.new(-465.13018798828125,23.974824905395508,-421.19219970703125),["Gun Shop"]=CFrame.new(-1225.400146484375,24.46483612060547,-189.43653869628906),["Tool Store"]=CFrame.new(-433.69927978515625,24.774852752685547,-710.2664794921875),["Mod Shop"]=CFrame.new(-724.5809326171875,23.474824905395508,186.442138671875),["Fire Department"]=CFrame.new(-1114.415283203125,23.476028442382812,118.9657974243164),["Hospital Front"]=CFrame.new(-142.38037109375,23.751134872436523,-430.4136047363281),["Hospital Back"]=CFrame.new(-141.86207580566406,23.474830627441406,-535.7492065429688),["Three Guys"]=CFrame.new(-343.96099853515625,23.47467803955078,-171.7455596923828),["Liberty Cafe"]=CFrame.new(-683.9157104492188,23.974830627441406,503.2774658203125),["Parking 1"]=CFrame.new(-311.9945983886719,24.174867630004883,122.81948852539062),["Parking 2"]=CFrame.new(2717.137939453125,-12.153314590454102,-2266.29150390625),["News"]=CFrame.new(-343.531982421875,23.974824905395508,344.9596862792969),["Police Back"]=CFrame.new(651.2056884765625,3.9404656887054443,-139.31932067871094),["Police Front"]=CFrame.new(796.5810546875,3.9404661655426025,-78.71920776367188),["Sheriff 1"]=CFrame.new(1453.9732666015625,-11.668456077575684,-1963.669677734375),["Sheriff 2"]=CFrame.new(1538.0145263671875,-11.668490409851074,-1916.6688232421875),["DOT"]=CFrame.new(1275.442626953125,3.4252281188964844,168.31478881835938),["County Jail"]=CFrame.new(1341.18408203125,3.92265248298645,-336.8629150390625),["Trailer Park"]=CFrame.new(1203.5413818359375,3.334216356277466,-983.1029663085938),["Farms"]=CFrame.new(840.14111328125,3.37484073638916,-1139.185791015625),["Housing Suburbs"]=CFrame.new(-491.2051696777344,-8.82550048828125,-1478.725830078125),["ATM 1"]=CFrame.new(-967.5352783203125,23.96831703186035,829.1295166015625),["ATM 2"]=CFrame.new(-1018.8355102539062,24.101520538330078,442.1720275878906),["ATM 3"]=CFrame.new(-486.49755859375,23.974824905395508,444.6559143066406),["ATM 4"]=CFrame.new(-372.1230163574219,23.974824905395508,151.59494018554688),["ATM 5"]=CFrame.new(-585.8339233398438,23.87482452392578,-408.5081787109375),["ATM 6"]=CFrame.new(997.2130737304688,3.9248406887054443,-25.608179092407227),["ATM 7"]=CFrame.new(1116.60498046875,3.924849271774292,371.0657653808594),["ATM 8"]=CFrame.new(720.2720947265625,3.4248409271240234,-1565.1844482421875),["ATM 9"]=CFrame.new(2486.7001953125,-11.653159141540527,-1738.4417724609375),["ATM 10"]=CFrame.new(2613.243896484375,-11.653230667114258,-2100.08056640625),["ATM 11"]=CFrame.new(2564.28271484375,-11.653286933898926,-2237.84423828125)},gameCriminalTools={["Baseball Bat"]="Tool Store",["Hammer"]="Tool Store",["Knife"]="Tool Store",["RFID Disruptor"]="Tool Store",["Lockpick"]="Tool Store",["Drill"]="Tool Store",["Flashlight"]="Tool Store",["Scanner"]="Tool Store",["Ammo Box"]="Gun Shop"},gameCriminalGuns={"Beretta M9","M14","Colt M1911","AK47","Remington 870","Remington MSR","PPSH 41","Skorpion","Colt Python","M249","TEC-9","Desert Eagle","LMT L129A1","KRISS Vector SMG"},gamePoliceGuns={"Shield 9","Fabarm FP6","Glock 17","M4A1","MP5","FN Five-seven","Sauer P226","Type 89","SPAS 12","Model 29","G36C","Orsis T 5000"},gamePoliceTools={"Riot Shield","Baton","Cones","Flare","Pepper Spray","Taser","Stop Stick","Beanbag Shotgun","Evidence Markers","Binoculars","Police Tape","Ballistic Shield","Battering Ram","Police SWAT Vest","Police SWAT Vest 2.0","Police SWAT Helmet"},moderateActions={"Warning","Kicked","Banned","Other"}}getgenv().config={host='http://localhost',port='1530'}if XAdminGuiName then local n=i:FindFirstChild(XAdminGuiName)if n then n:Destroy()end end;local function o(p)local q='abcdefghijklmnopqrstuvwxyzABCDEFGHIJKLMNOPQRSTUVWXYZ0123456789!@#$%^&*()_+-={}|[]`~'local r={}local string=''math.randomseed(os.time())for s in q:gmatch('.')do table.insert(r,s)end;for b=1,p do string=string..r[math.random(1,#r)]end;return string end;local t=o(100)getgenv().XAdminGuiName=t;local function u()pcall(function()if l.frame.Visible then l.frame:TweenPosition(UDim2.new(0.5,0,-0.5,20),Enum.EasingDirection.InOut,Enum.EasingStyle.Quint,.25)task.wait(.25)l.frame.Visible=false else l.frame.Position=UDim2.new(0.5,0,-0.5,20)l.frame.Visible=true;l.frame:TweenPosition(UDim2.new(0.5,0,0,20),Enum.EasingDirection.InOut,Enum.EasingStyle.Quint,.25)l.command:CaptureFocus()task.wait()l.command.Text=''l.placeholder.Text=''end end)end;local function v(w,x)return w:sub(1,#x)==x end;local function y(z,g)for b,A in pairs(g)do if A~=h then if A.Name:lower()==z:lower()then return A elseif A.DisplayName:lower()==z:lower()then return A elseif v(A.Name:lower(),z:lower())then return A elseif A~=h and v(A.DisplayName:lower(),z:lower())then return A end end end;return false end;local function B(C,D,E)m[#m+1]={name=C,args=D,func=E}end;local function F(G,H)for b,I in pairs(m)do for b,J in pairs(G:split(' '))do if J==I.name then coroutine.wrap(I.func)(H)break end end end end;local function K(string)for b,I in pairs(m)do if I.name:lower()==string:lower()then return I end end;for b,I in pairs(m)do if v(I.name:lower(),string:lower())then return I end end;return false end;local function L(A)local s=A.Character or A.CharacterAdded:Wait()local M=s:FindFirstChild("HumanoidRootPart")return M or nil end;local function N(O,P,Q)j:SetCore('SendNotification',{Title=O,Text=P,Duration=Q or 5})end;local function R(A)local S=workspace:FindFirstChild('Vehicles')if S then for b,T in pairs(S:GetChildren())do local U=T:FindFirstChild("Control_Values")if U then local V=U:FindFirstChild("Owner")if V and V.Value==A.Name then return T end end end end end;local function W(A,X)local M=L(A)if M then for b=1,10,1 do M.CFrame=X;task.wait(.1)end end end;l.gui.Name=t;l.gui.DisplayOrder=9;l.gui.ResetOnSpawn=false;l.gui.Parent=i;l.frame.Name=o(100)l.frame.AnchorPoint=Vector2.new(0.5,1)l.frame.BackgroundColor3=Color3.fromRGB(0,0,0)l.frame.Transparency=.6;l.frame.Size=UDim2.new(0,500,0,30)l.frame.Position=UDim2.new(0.5,0,0,20)l.frame.ClipsDescendants=true;l.frame.Visible=false;l.frame.Parent=l.gui;l.corner.Name=o(100)l.corner.CornerRadius=UDim.new(0,10)l.corner.Parent=l.frame;l.padding.PaddingTop=UDim.new(0,0)l.padding.PaddingBottom=UDim.new(0,0)l.padding.PaddingLeft=UDim.new(0,20)l.padding.PaddingRight=UDim.new(0,20)l.padding.Parent=l.frame;l.command.Name=o(100)l.command.AnchorPoint=Vector2.new(0,0.5)l.command.AutomaticSize=Enum.AutomaticSize.XY;l.command.Position=UDim2.new(0,0,0.5,0)l.command.BackgroundTransparency=1;l.command.BorderSizePixel=0;l.command.Size=UDim2.new(0,0,0,0)l.command.Font=Enum.Font.Roboto;l.command.PlaceholderText='Command Here...'l.command.Text=''l.command.TextSize=15;l.command.TextXAlignment=Enum.TextXAlignment.Left;l.command.Parent=l.frame;l.command.TextColor3=Color3.fromRGB(255,255,255)l.command.PlaceholderColor3=Color3.fromRGB(200,200,200)l.command.FocusLost:Connect(u)l.command:GetPropertyChangedSignal('Text'):Connect(function()local D=l.command.Text:split(' ')local I=D[1]and K(D[1])local Y=D[2]and y(D[2],g:GetPlayers())l.placeholder.Text=''if Y and D[2]~=''and not D[3]then l.placeholder.Text=Y.Name:sub(D[2]:len()+1):lower()elseif I and D[1]~=''and not D[2]then l.placeholder.Text=I.name:sub(D[1]:len()+1):lower()end;if I then for Z,_ in pairs(I.args)do for b,a0 in pairs(_)do if a0 and D[Z+1]and D[Z+1]~=''and not D[Z+2]and v(a0:lower(),D[Z+1])then l.placeholder.Text=a0:sub(D[Z+1]:len()+1):lower()end end end end;l.placeholder.Position=UDim2.new(0,l.command.TextBounds.X,0.5,0)end)l.placeholder.Name=o(100)l.placeholder.Parent=l.command;l.placeholder.Font=Enum.Font.Roboto;l.placeholder.TextSize=15;l.placeholder.TextXAlignment=Enum.TextXAlignment.Left;l.placeholder.Position=UDim2.new(0,0,0.5,0)l.placeholder.AnchorPoint=Vector2.new(0,0.5)l.placeholder.Text=''l.placeholder.TextColor3=Color3.fromRGB(200,200,200)l.placeholder.BorderSizePixel=0;local a1={}for a2,b in pairs(XAdminVariables.gameVehicleLocations)do table.insert(a1,a2)end;B('cartol',{a1},function(D)local a3=XAdminVariables.gameVehicleLocations;local P=table.concat(D," ")local T=R(h)local function a4(T,X)local M=L(h)local a5=M.Parent:FindFirstChild("Humanoid")if M and a5 then local a6=a5.Sit;if not a6 then N('Car To Location','Humanoid is not sitting, aborted')else for b=1,10,1 do T:SetPrimaryPartCFrame(X)task.wait(.1)end end end end;if T then for a2,X in pairs(a3)do if a2:lower()==P:lower()then a4(T,X)break end end;for a2,X in pairs(a3)do if v(a2:lower(),P:lower())then a4(T,X)break end end end end)local a7={}for a2,b in pairs(XAdminVariables.gameLocations)do table.insert(a7,a2)end;B('tol',{a7},function(D)local a3=XAdminVariables.gameLocations;local P=table.concat(D," ")for a2,X in pairs(a3)do if a2:lower()==P:lower()then W(h,X)break end end;for a2,X in pairs(a3)do if v(a2:lower(),P:lower())then W(h,X)break end end end)B('hidegui',{},function()if XAdminVariables.HideGui then return else XAdminVariables.HideGui=true end;while task.wait()and XAdminVariables.HideGui do local a8=h:FindFirstChild("PlayerGui")if a8 then local a9=a8:FindFirstChild("GameGui")if a9 then a9.Enabled=false end end end end)B('showgui',{},function()if XAdminVariables.HideGui then XAdminVariables.HideGui=false end;local a8=h:FindFirstChild("PlayerGui")if a8 then local a9=a8:FindFirstChild("GameGui")if a9 then a9.Enabled=true end end end)B('time',{{"1","2","3","4","5","6","7","8","9","10","11","12"}},function(D)local aa=table.unpack(D)if XAdminVariables.SetTimeConnection then XAdminVariables.SetTimeConnection:Disconnect()XAdminVariables.SetTimeConnection=nil end;if tonumber(aa)>=0 and tonumber(aa)<=12 then XAdminVariables.SetTimeConnection=d:GetPropertyChangedSignal("TimeOfDay"):Connect(function()d:SetMinutesAfterMidnight((tonumber(aa)-12)*60)end)end end)B('rtime',{},function()if XAdminVariables.SetTimeConnection then XAdminVariables.SetTimeConnection:Disconnect()XAdminVariables.SetTimeConnection=nil end end)local ab={}for ac,b in pairs(XAdminVariables.gameCriminalTools)do table.insert(ab,ac)end;B('ctool',{ab},function(D)local ad=XAdminVariables.gameCriminalTools;local P=table.concat(D," ")local function ae(ac,a2)local af=XAdminVariables.gameLocations[a2]if af then local ag=e:FindFirstChild("FE")if ag then local M=L(h)local ah=ag:FindFirstChild("BuyGear")if M and ah then local ai=M.CFrame;W(h,af)ah:InvokeServer(ac)task.wait(.2)W(h,ai)end end end end;for ac,a2 in pairs(ad)do if ac:lower()==P:lower()then ae(ac,a2)break end end;for ac,a2 in pairs(ad)do if v(ac:lower(),P:lower())then ae(ac,a2)break end end end)B('sammo',{},function()local M=L(h)local aj=workspace:FindFirstChild("LEOAmmo")local ag=e:FindFirstChild("FE")if M and aj and ag then local ak=ag:FindFirstChild("LEOFillAmmo")local al=aj.Part;if ak and al then local am=CFrame.new(1503.3974609375,-11.518442153930664,-1887.9501953125)local ai=M.CFrame;W(h,am)ak:FireServer(al)task.wait(.5)W(h,ai)end end end)B('pammo',{},function()local M=L(h)local aj=workspace:FindFirstChild("LEOAmmo")local ag=e:FindFirstChild("FE")if M and aj and ag then local ak=ag:FindFirstChild("LEOFillAmmo")local al=aj.Part;if ak and al then local am=CFrame.new(777.40673828125,4.040491580963135,-59.4781379699707)local ai=M.CFrame;W(h,am)ak:FireServer(al)task.wait(.5)W(h,ai)end end end)B('cammo',{XAdminVariables.gameCriminalGuns},function(D)local an=XAdminVariables.gameCriminalGuns;local P=table.concat(D," ")local function ao(ap)local af=XAdminVariables.gameLocations["Gun Shop"]if af then local ag=e:FindFirstChild("FE")if ag then local M=L(h)local aq=ag:FindFirstChild("BuyAmmo")if M and aq then local ai=M.CFrame;W(h,af)for b=1,7,1 do aq:InvokeServer(ap)end;task.wait(.2)W(h,ai)end end end end;for b,ap in pairs(an)do if ap:lower()==P:lower()then ao(ap)break end end;for b,ap in pairs(an)do if v(ap:lower(),P:lower())then ao(ap)break end end end)B('stool',{XAdminVariables.gamePoliceTools},function(D)local ad=XAdminVariables.gamePoliceTools;local P=table.concat(D," ")local function ae(ac)local af=CFrame.new(1473.60693359375,-11.74328327178955,-1906.77001953125)local ag=e:FindFirstChild("FE")if ag then local M=L(h)local ar=ag:FindFirstChild("ToolGiver")if M and ar then local ai=M.CFrame;W(h,af)ar:FireServer(ac)task.wait(.2)W(h,ai)end end end;for b,ac in pairs(ad)do if ac:lower()==P:lower()then ae(ac)break end end;for b,ac in pairs(ad)do if v(ac:lower(),P:lower())then ae(ac)break end end end)B('ptool',{XAdminVariables.gamePoliceTools},function(D)local ad=XAdminVariables.gamePoliceTools;local P=table.concat(D," ")local function ae(ac)local af=CFrame.new(781.470458984375,4.040493488311768,-91.98139953613281)local ag=e:FindFirstChild("FE")if ag then local M=L(h)local ar=ag:FindFirstChild("ToolGiver")if M and ar then local ai=M.CFrame;W(h,af)ar:FireServer(ac)task.wait(.2)W(h,ai)end end end;for b,ac in pairs(ad)do if ac:lower()==P:lower()then ae(ac)break end end;for b,ac in pairs(ad)do if v(ac:lower(),P:lower())then ae(ac)break end end end)B('cgun',{XAdminVariables.gameCriminalGuns},function(D)local an=XAdminVariables.gameCriminalGuns;local P=table.concat(D," ")local function as(ap)local af=XAdminVariables.gameLocations["Gun Shop"]local ag=e:FindFirstChild("FE")if af and ag then local M=L(h)local at=ag:FindFirstChild("BuyGun")local au=ag:FindFirstChild("EquipGun")if M and au then local ai=M.CFrame;W(h,af)at:InvokeServer(ap)au:InvokeServer(ap,true)task.wait(.2)W(h,ai)end end end;for b,ap in pairs(an)do if ap:lower()==P:lower()then as(ap)break end end;for b,ap in pairs(an)do if v(ap:lower(),P:lower())then as(ap)break end end end)B('sgun',{XAdminVariables.gamePoliceGuns},function(D)local an=XAdminVariables.gamePoliceGuns;local P=table.concat(D," ")local function as(ap)local af=CFrame.new(1496.3299560546875,-11.518442153930664,-1906.8106689453125)local ag=e:FindFirstChild("FE")if ag then local M=L(h)local au=ag:FindFirstChild("EquipGun")if M and au then local ai=M.CFrame;W(h,af)au:InvokeServer(ap,true)task.wait(.2)W(h,ai)end end end;for b,ap in pairs(an)do if ap:lower()==P:lower()then as(ap)break end end;for b,ap in pairs(an)do if v(ap:lower(),P:lower())then as(ap)break end end end)B('pgun',{XAdminVariables.gamePoliceGuns},function(D)local an=XAdminVariables.gamePoliceGuns;local P=table.concat(D," ")local function as(ap)local af=CFrame.new(764.5169067382812,4.040491580963135,-55.82879638671875)local ag=e:FindFirstChild("FE")if ag then local M=L(h)local au=ag:FindFirstChild("EquipGun")if M and au then local ai=M.CFrame;W(h,af)au:InvokeServer(ap,true)task.wait(.2)W(h,ai)end end end;for b,ap in pairs(an)do if ap:lower()==P:lower()then as(ap)break end end;for b,ap in pairs(an)do if v(ap:lower(),P:lower())then as(ap)break end end end)B('res',{},function()local M=L(h)if M then local a5=M.Parent:FindFirstChild("Humanoid")if a5 then a5.Health=0 end end end)B('infstamina',{},function()if XAdminVariables.InfiniteStamina then return else XAdminVariables.InfiniteStamina=true end;while task.wait()and XAdminVariables.InfiniteStamina do local a8=h:FindFirstChild("PlayerGui")if a8 then local a9=a8:FindFirstChild("GameGui")if a9 then local av=a9:FindFirstChild("BottomLeft")if av then local aw=av:FindFirstChild("Health")if aw then local ax=aw:FindFirstChild("Stamina LS")if ax then local ay=ax:FindFirstChild("Stamina")if ay then ay.Value=100 end end end end end end end end)B('rinfstamina',{},function()if XAdminVariables.InfiniteStamina then XAdminVariables.InfiniteStamina=false end end)B('tocar',{},function()local T=R(h)local az=T:FindFirstChild("Body")if T and az then local aA=az:FindFirstChild("Base")if aA then local aB=T:FindFirstChild("DriverSeat")if aB then local M=L(h)local a5=M.Parent:FindFirstChild("Humanoid")if M and a5 then local a6=a5.Sit;if a6 then N('To Car','Humanoid is sitting, aborted')else W(h,aA.CFrame+Vector3.new(0,10,0)-Vector3.new(0,0,2))aB:Sit(a5)end end end end end end)B('bringcar',{},function()local T=R(h)local az=T:FindFirstChild("Body")if T and az then local aA=az:FindFirstChild("Base")if aA then local aB=T:FindFirstChild("DriverSeat")if aB then local M=L(h)local a5=M.Parent:FindFirstChild("Humanoid")if M and a5 then local a6=a5.Sit;if a6 then N('Bring Car','Humanoid is sitting, aborted')else local ai=M.CFrame;W(h,aA.CFrame+Vector3.new(0,10,0)-Vector3.new(0,0,2))task.wait(.1)aB:Sit(a5)task.wait(.2)T:SetPrimaryPartCFrame(ai)end end end end end end)B('carto',{},function(D)local g=game:GetService('Players')local aC=table.unpack(D)local Y=y(aC,g:GetPlayers())local T=R(h)if Y and T then local M=L(h)local a5=M.Parent:FindFirstChild("Humanoid")if M and a5 then local a6=a5.Sit;if not a6 then N('Car To','Humanoid is not sitting, aborted')else local aD=L(Y)if aD then local am=aD.CFrame-Vector3.new(5,0,0)T:SetPrimaryPartCFrame(am)end end end end end)B('to',{},function(D)local g=game:GetService('Players')local aC=table.unpack(D)local Y=y(aC,g:GetPlayers())if Y then local aD=L(Y)if aD then local am=aD.CFrame-Vector3.new(1,0,0)W(h,am)end end end)B('m',{nil,XAdminVariables.moderateActions},function(D)local g=game:GetService('Players')local aC,aE=table.unpack(D)local aF=table.concat(D,' '):sub(#aC+#aE+3)local aG=XAdminVariables.moderateActions;local Y=y(aC,g:GetPlayers())local aH=nil;for b,aI in pairs(aG)do if aI:lower()==aE:lower()then aH=aI;break end end;for b,aI in pairs(aG)do if v(aI:lower(),aE:lower())then aH=aI;break end end;if aH and aF then local aJ=game:HttpGet(config.host..':'..config.port..'/moderate/'..(Y and Y.Name or aC)..'/'..aH:gsub("^%l",string.upper)..'/'..k:UrlEncode(aF))local aK=k:JSONDecode(aJ)if aK and aK.success~=nil then N('Moderation '..(not aK.success and'un'or'')..'successful','This moderation event has'..(not aK.success and' not'or'')..' been logged.')end end end)B('ci',{},function()local aJ=game:HttpGet(config.host..':'..config.port..'/clockin')local aK=k:JSONDecode(aJ)if aK and aK.success~=nil then N('Moderation '..(not aK.success and'un'or'')..'successful','This moderation event has'..(not aK.success and' not'or'')..' been completed.')end end)B('co',{},function()local aJ=game:HttpGet(config.host..':'..config.port..'/clockout')local aK=k:JSONDecode(aJ)if aK and aK.success~=nil then N('Moderation '..(not aK.success and'un'or'')..'successful','This moderation event has'..(not aK.success and' not'or'')..' been completed.')end end)XAdminVariables.UserInputServiceConnection=f.InputBegan:Connect(function(aL,aM)if aL.UserInputType==Enum.UserInputType.Keyboard then if aL.KeyCode==Enum.KeyCode.Semicolon and not aM then u()elseif l.frame.Visible and aL.KeyCode==Enum.KeyCode.Return then local P=l.command.Text:split(' ')[1]if P~=''and P~=nil then local I=K(P)local D=l.command.Text:sub(#I.name+2):split(' ')u()F(I.name,D)end elseif aL.KeyCode==Enum.KeyCode.N and not aM then F('res')end end end)
